Regular Sudoku
----------------
7 3 2 8 1 5 9 4 6
5 4 9 7 6 3 8 2 1
8 6 1 4 2 9 3 5 7
4 5 6 3 8 1 7 9 2
2 7 8 5 9 6 1 3 4
9 1 3 2 4 7 5 6 8
3 8 4 9 7 2 6 1 5
6 9 7 1 5 4 2 8 3
1 2 5 6 3 8 4 7 9

X Sudoku
----------------
7 8 5 6 2 4 9 3 1
1 6 9 3 7 8 2 5 4
4 3 2 5 9 1 8 6 7
6 2 7 4 8 9 5 1 3
8 5 4 1 3 2 6 7 9
9 1 3 7 6 5 4 8 2
3 9 6 8 4 7 1 2 5
5 4 8 2 1 3 7 9 6
2 7 1 9 5 6 3 4 8

4 Squares Sudoku
----------------
7 9 6 4 3 1 5 8 2
8 4 5 6 2 9 1 3 7
1 2 3 8 5 7 6 4 9
4 7 9 1 6 2 8 5 3
6 3 2 5 8 4 9 7 1
5 1 8 9 7 3 2 6 4
3 6 7 2 1 5 4 9 8
2 5 4 3 9 8 7 1 6
9 8 1 7 4 6 3 2 5

16x16 Sudoku
------------------------------
E A 7 9 1 2 3 6 8 B C 5 D G 4 F
G 2 3 4 8 C 5 A 1 9 D F 7 E 6 B
1 5 F C B G 7 D E 4 A 6 3 2 9 8
8 B D 6 E F 9 4 7 G 2 3 A C 1 5
F E 5 8 A D 6 G 3 C B 2 4 1 7 9
9 7 1 A C B E 5 4 D 6 G F 8 3 2
4 6 2 3 9 1 8 7 5 F E A G B D C
B C G D 4 3 2 F 9 8 7 1 5 A E 6
C 4 8 2 D 7 1 E F 6 G B 9 5 A 3
D G 9 F 3 A B C 2 5 1 7 6 4 8 E
5 3 A 7 G 6 4 8 C E 9 D B F 2 1
6 1 B E 2 5 F 9 A 3 8 4 C D G 7
7 8 C B 5 E G 3 D 2 4 9 1 6 F A
2 9 4 1 F 8 D B 6 A 3 C E 7 5 G
3 F E G 6 4 A 1 B 7 5 8 2 9 C D
A D 6 5 7 9 C 2 G 1 F E 8 3 B 4